481 82
398 137
381 138
506 163
381 211
363 205
314 376
333 378
545 224
647 158
667 330
512 299
477 459
483 478
390 590
374 603
470 589
597 515
530 644
699 430
694 450
677 548
755 357
694 694
701 629
597 733
786 531
778 660
733 36
798 166
877 252
857 318
887 403
916 469
917 486
883 549
877 588
903 662
913 710
926 780
964 166
1008 309
1025 314
1007 413
1023 405
1011 502
1028 506
1027 623
1009 628
1062 704
1049 717
1055 119
1335 79
1135 193
1286 168
1204 220
1115 290
1097 319
1089 432
1089 450
1064 563
1080 617
1148 732
1404 108
1279 243
1165 381
1182 391
1138 505
1168 647
1536 96
1526 111
1486 161
1540 197
1555 207
1379 249
1296 295
1299 312
1443 267
1454 282
1269 391
1508 312
1526 312
1317 407
1415 391
1454 346
1206 483
1355 456
1473 418
1487 428
1211 552
10000 10000
1309 523
1387 501
1400 513
1488 506
1415 561
1261 621
1276 633
1386 689
1433 667
1490 668